0.132663906398249
0.122735753901755
0.126186482678864
0.141264318482214
0.162508204905674
0.178974973643749
0.189001814655693
0.208331791764657
0.22654162171079
0.23893372813345
0.25910369277529
0.288795937505728
0.313099192760597
0.33451289500779
0.347819340956591
0.352660604217176
0.354566669084081
0.350329592177858
0.335774736474924
0.306375509999851
0.239245071175807
0.220912095242776
0.155790301734565
0.085967019586976
0.014117946959794
-0.060912761225622
-0.135126685830603
-0.194210854056921
-0.263698228671375
-0.335258852763106
-0.406107423772663
-0.478343191325127
-0.547666964660857
-0.62955882130956
-0.714731903618898
-0.758207790198264
-0.758734524946722
-0.753314621515669
-0.7323373332994
-0.71110804212784
-0.693091586450085
-0.653977143207226
-0.601604802936217
-0.533815041316245
-0.453490211881329
-0.363237264980382
-0.285263659957362
-0.209491468831735
-0.131113732780205
-0.059446979445338
0.005466174711988
0.07090510795636
0.134243839435466
0.206752428270125
0.270523871810969
0.320455707544875
0.367045477279712
0.389400344346724
0.394585011206325
0.39665217199833
0.395127830764892
0.386303361024779
0.37085425699249
0.336816345892841
0.306379299296172
0.271554961642703
0.242683572368771
0.223341187141745
0.201047570657468
0.177700589263049
0.162805758983212
0.146991820584834

